              precision    recall  f1-score   support

           0       0.11      0.04      0.06        99
           1       0.12      0.08      0.10        99
           2       0.00      0.00      0.00        99
           3       0.19      0.05      0.08        99
           4       0.16      0.05      0.08        99
           5       0.30      0.03      0.06        99
           6       0.08      0.12      0.09        99
           7       0.05      0.02      0.03        99
           8       0.11      0.58      0.18        99
           9       0.10      0.09      0.09        99

    accuracy                           0.11       990
   macro avg       0.12      0.11      0.08       990
weighted avg       0.12      0.11      0.08       990
