              precision    recall  f1-score   support

           0       0.96      0.97      0.96      1379
           1       0.95      0.98      0.96      1628
           2       0.92      0.91      0.92      1376
           3       0.92      0.91      0.91      1406
           4       0.93      0.93      0.93      1293
           5       0.90      0.88      0.89      1308
           6       0.95      0.95      0.95      1471
           7       0.93      0.95      0.94      1397
           8       0.89      0.88      0.88      1346
           9       0.89      0.90      0.90      1396

    accuracy                           0.93     14000
   macro avg       0.93      0.92      0.93     14000
weighted avg       0.93      0.93      0.93     14000
