              precision    recall  f1-score   support

           0       0.97      0.98      0.97      3440
           1       0.98      0.98      0.98      3973
           2       0.96      0.95      0.96      3497
           3       0.96      0.95      0.95      3581
           4       0.96      0.96      0.96      3389
           5       0.94      0.95      0.95      3116
           6       0.97      0.97      0.97      3427
           7       0.95      0.97      0.96      3658
           8       0.95      0.95      0.95      3423
           9       0.95      0.94      0.95      3496

    accuracy                           0.96     35000
   macro avg       0.96      0.96      0.96     35000
weighted avg       0.96      0.96      0.96     35000
